4412-5524
 1.00000     0.00189
 0.99750     0.00283
 0.99297     0.00452
 0.98715     0.00668
 0.98034     0.00918
 0.97268     0.01196
 0.96430     0.01497
 0.95527     0.01817
 0.94568     0.02152
 0.93556     0.02499
 0.92498     0.02857
 0.91397     0.03224
 0.90257     0.03596
 0.89080     0.03974
 0.87870     0.04354
 0.86630     0.04736
 0.85362     0.05119
 0.84068     0.05501
 0.82750     0.05881
 0.81410     0.06259
 0.80050     0.06632
 0.78672     0.07001
 0.77278     0.07365
 0.75868     0.07723
 0.74445     0.08073
 0.73011     0.08417
 0.71565     0.08752
 0.70110     0.09078
 0.68647     0.09395
 0.67177     0.09702
 0.65702     0.09998
 0.64222     0.10284
 0.62739     0.10559
 0.61254     0.10821
 0.59767     0.11072
 0.58281     0.11310
 0.56795     0.11535
 0.55312     0.11747
 0.53831     0.11945
 0.52354     0.12129
 0.50882     0.12300
 0.49416     0.12455
 0.47956     0.12596
 0.46504     0.12722
 0.45060     0.12833
 0.43626     0.12928
 0.42202     0.13008
 0.40789     0.13072
 0.39388     0.13121
 0.38000     0.13152
 0.36626     0.13165
 0.35266     0.13160
 0.33921     0.13136
 0.32593     0.13094
 0.31281     0.13034
 0.29986     0.12956
 0.28710     0.12860
 0.27453     0.12747
 0.26216     0.12617
 0.24999     0.12470
 0.23804     0.12306
 0.22630     0.12126
 0.21479     0.11930
 0.20352     0.11718
 0.19249     0.11492
 0.18170     0.11252
 0.17117     0.10997
 0.16090     0.10730
 0.15090     0.10449
 0.14118     0.10157
 0.13174     0.09853
 0.12258     0.09538
 0.11373     0.09214
 0.10517     0.08880
 0.09692     0.08538
 0.08898     0.08188
 0.08136     0.07831
 0.07407     0.07468
 0.06711     0.07099
 0.06048     0.06727
 0.05419     0.06351
 0.04826     0.05973
 0.04267     0.05593
 0.03744     0.05213
 0.03256     0.04834
 0.02804     0.04457
 0.02389     0.04084
 0.02009     0.03714
 0.01666     0.03351
 0.01357     0.02995
 0.01084     0.02648
 0.00844     0.02309
 0.00637     0.01982
 0.00461     0.01666
 0.00316     0.01362
 0.00200     0.01069
 0.00111     0.00788
 0.00049     0.00517
 0.00012     0.00255
-0.00000    -0.00000
 0.00012    -0.00245
 0.00048    -0.00481
 0.00107    -0.00712
 0.00191    -0.00941
 0.00301    -0.01169
 0.00437    -0.01400
 0.00602    -0.01634
 0.00798    -0.01871
 0.01026    -0.02110
 0.01290    -0.02352
 0.01590    -0.02594
 0.01929    -0.02835
 0.02307    -0.03072
 0.02725    -0.03303
 0.03183    -0.03527
 0.03681    -0.03741
 0.04218    -0.03946
 0.04793    -0.04138
 0.05405    -0.04319
 0.06053    -0.04486
 0.06737    -0.04641
 0.07454    -0.04782
 0.08205    -0.04910
 0.08988    -0.05025
 0.09802    -0.05127
 0.10646    -0.05216
 0.11519    -0.05292
 0.12422    -0.05357
 0.13352    -0.05409
 0.14309    -0.05450
 0.15292    -0.05480
 0.16301    -0.05499
 0.17335    -0.05507
 0.18393    -0.05505
 0.19474    -0.05493
 0.20579    -0.05473
 0.21705    -0.05443
 0.22853    -0.05405
 0.24022    -0.05360
 0.25211    -0.05306
 0.26420    -0.05246
 0.27648    -0.05180
 0.28894    -0.05107
 0.30157    -0.05029
 0.31438    -0.04946
 0.32735    -0.04859
 0.34048    -0.04768
 0.35375    -0.04673
 0.36717    -0.04575
 0.38073    -0.04475
 0.39441    -0.04373
 0.40822    -0.04268
 0.42215    -0.04160
 0.43619    -0.04048
 0.45033    -0.03934
 0.46456    -0.03817
 0.47889    -0.03698
 0.49329    -0.03578
 0.50777    -0.03457
 0.52230    -0.03334
 0.53690    -0.03212
 0.55154    -0.03089
 0.56622    -0.02967
 0.58093    -0.02845
 0.59566    -0.02724
 0.61040    -0.02604
 0.62514    -0.02485
 0.63988    -0.02369
 0.65459    -0.02254
 0.66927    -0.02141
 0.68391    -0.02030
 0.69849    -0.01922
 0.71301    -0.01817
 0.72745    -0.01715
 0.74180    -0.01615
 0.75604    -0.01518
 0.77016    -0.01424
 0.78414    -0.01334
 0.79798    -0.01246
 0.81164    -0.01162
 0.82512    -0.01081
 0.83839    -0.01003
 0.85144    -0.00928
 0.86424    -0.00857
 0.87676    -0.00788
 0.88900    -0.00723
 0.90090    -0.00661
 0.91246    -0.00602
 0.92363    -0.00546
 0.93437    -0.00493
 0.94465    -0.00443
 0.95440    -0.00397
 0.96359    -0.00354
 0.97213    -0.00315
 0.97993    -0.00279
 0.98688    -0.00248
 0.99282    -0.00221
 0.99744    -0.00200
 1.00000    -0.00189
